   3   7   5 E -5.5061777424859E+03 DE-3.1E-09(  5)
  0.293009386508E+01 -0.178381211959E-16  0.461958495256E+01
 -0.146504693254E+01  0.253753572263E+01  0.461958495256E+01
 -0.146504693254E+01 -0.253753572263E+01  0.461958495256E+01
    6
  0.100000000000E+01  0.000000000000E+00  0.000000000000E+00
  0.535887410153E-16  0.100000000000E+01  0.000000000000E+00
  0.000000000000E+00  0.000000000000E+00  0.100000000000E+01
  0.000000000000E+00  0.000000000000E+00  0.000000000000E+00
 -0.500000000000E+00 -0.866025403784E+00  0.000000000000E+00
  0.866025403784E+00 -0.500000000000E+00  0.000000000000E+00
  0.000000000000E+00  0.000000000000E+00  0.100000000000E+01
  0.000000000000E+00  0.000000000000E+00  0.000000000000E+00
 -0.500000000000E+00  0.866025403784E+00  0.000000000000E+00
 -0.866025403784E+00 -0.500000000000E+00  0.000000000000E+00
  0.000000000000E+00  0.000000000000E+00  0.100000000000E+01
  0.000000000000E+00  0.000000000000E+00  0.000000000000E+00
 -0.100000000000E+01  0.000000000000E+00  0.000000000000E+00
 -0.535887410153E-16 -0.100000000000E+01  0.000000000000E+00
  0.000000000000E+00  0.000000000000E+00 -0.100000000000E+01
  0.000000000000E+00  0.000000000000E+00  0.000000000000E+00
  0.500000000000E+00  0.866025403784E+00  0.000000000000E+00
 -0.866025403784E+00  0.500000000000E+00  0.000000000000E+00
  0.000000000000E+00  0.000000000000E+00 -0.100000000000E+01
  0.000000000000E+00  0.000000000000E+00  0.000000000000E+00
  0.500000000000E+00 -0.866025403784E+00  0.000000000000E+00
  0.866025403784E+00  0.500000000000E+00  0.000000000000E+00
  0.000000000000E+00  0.000000000000E+00 -0.100000000000E+01
  0.000000000000E+00  0.000000000000E+00  0.000000000000E+00
   10
   26     -2.930093865077      0.000000000000      0.329889584757
   26      0.000000000000     -0.000000000000      1.979901748781
   26     -1.465046932538     -2.537535722629     -0.329889584757
   26     -0.000000000000      0.000000000000     -1.979901748781
    8     -1.588556978735     -0.774536189760     -1.154896545545
    8      1.465046505850     -0.988462604064     -1.154896545545
    8      0.123510472885      1.762998793824     -1.154896545545
    8      1.588556978735      0.774536189760      1.154896545545
    8     -1.465046505850      0.988462604064      1.154896545545
    8     -0.123510472885     -1.762998793824      1.154896545545
    0    0
